### boundary floor (one extra split kernel, empty body)
  n=1        dispatch=  0.477us  -41.910 ns/row  0.0 GB/s
  n=1000     dispatch=  0.440us   0.376 ns/row  42.6 GB/s
  n=10000    dispatch=  0.560us   0.331 ns/row  48.3 GB/s
  n=100000   dispatch=  0.438us   0.323 ns/row  49.5 GB/s
  n=1000000  dispatch=  0.443us   0.763 ns/row  21.0 GB/s

### ratio split/fused  (>1 = FUSION WINS)   body=trivial branch=straight
| modules | 1 | 1,000 | 10,000 | 100,000 | 1,000,000 | fused ns/step @1M | split ns/step @1M |
|---|---|---|---|---|---|---|---|
| 1 | 1.68 | 2.06 | 0.95 | 1.02 | 0.99 | 0.83 | 0.82 |
| 2 | 3.39 | 2.34 | 1.98 | 2.66 | 2.07 | 0.42 | 0.86 |
| 3 | 4.83 | 5.17 | 2.71 | 4.99 | 3.26 | 0.28 | 0.93 |
| 4 | 4.29 | 5.58 | 3.82 | 5.50 | 4.12 | 0.23 | 0.95 |
| 5 | 6.01 | 6.54 | 4.72 | 7.10 | 5.18 | 0.18 | 0.96 |
| 8 | 9.42 | 7.79 | 5.74 | 6.19 | 8.00 | 0.11 | 0.89 |
| 10 | 10.94 | 8.32 | 5.57 | 6.20 | 11.18 | 0.08 | 0.95 |
| 20 | 23.83 | 10.26 | 5.70 | 5.42 | 13.00 | 0.07 | 0.95 |
| 40 | 48.13 | 11.22 | 4.83 | 5.21 | 11.20 | 0.08 | 0.93 |

### ratio split/fused  (>1 = FUSION WINS)   body=trivial branch=branchy
| modules | 1 | 1,000 | 10,000 | 100,000 | 1,000,000 | fused ns/step @1M | split ns/step @1M |
|---|---|---|---|---|---|---|---|
| 1 | 1.59 | 1.48 | 1.18 | 1.04 | 0.98 | 1.31 | 1.29 |
| 2 | 2.37 | 1.45 | 1.03 | 1.15 | 1.34 | 1.14 | 1.53 |
| 3 | 3.97 | 1.35 | 0.87 | 1.06 | 1.30 | 1.35 | 1.76 |
| 4 | 4.59 | 1.22 | 0.70 | 0.84 | 1.16 | 1.63 | 1.90 |
| 5 | 5.17 | 1.15 | 0.71 | 0.86 | 1.15 | 1.62 | 1.87 |
| 8 | 8.13 | 0.99 | 0.71 | 0.77 | 0.92 | 2.01 | 1.84 |
| 10 | 9.65 | 0.94 | 0.63 | 0.69 | 0.80 | 2.22 | 1.77 |
| 20 | 15.63 | 0.66 | 0.43 | 0.53 | 0.62 | 3.00 | 1.85 |
| 40 | 25.04 | 0.56 | 0.37 | 0.44 | 0.55 | 3.61 | 2.00 |

### ratio split/fused  (>1 = FUSION WINS)   body=medium branch=straight
| modules | 1 | 1,000 | 10,000 | 100,000 | 1,000,000 | fused ns/step @1M | split ns/step @1M |
|---|---|---|---|---|---|---|---|
| 1 | 1.98 | 1.32 | 1.20 | 1.14 | 0.99 | 1.58 | 1.56 |
| 2 | 2.82 | 1.50 | 1.36 | 1.66 | 1.90 | 0.96 | 1.82 |
| 3 | 4.33 | 1.53 | 0.99 | 2.25 | 3.06 | 0.78 | 2.38 |
| 4 | 5.91 | 1.96 | 1.23 | 1.79 | 2.11 | 0.88 | 1.85 |
| 5 | 5.04 | 1.91 | 1.07 | 1.74 | 2.20 | 0.95 | 2.07 |
| 8 | 8.88 | 1.56 | 0.90 | 1.43 | 2.05 | 0.98 | 2.00 |
| 10 | 10.20 | 1.47 | 0.91 | 1.48 | 1.93 | 1.04 | 2.00 |
| 20 | 14.95 | 1.04 | 0.56 | 1.10 | 1.42 | 1.40 | 1.98 |
| 40 | 22.68 | 0.78 | 0.45 | 0.82 | 1.02 | 1.90 | 1.94 |

### ratio split/fused  (>1 = FUSION WINS)   body=medium branch=branchy
| modules | 1 | 1,000 | 10,000 | 100,000 | 1,000,000 | fused ns/step @1M | split ns/step @1M |
|---|---|---|---|---|---|---|---|
| 1 | 1.46 | 1.32 | 1.07 | 1.04 | 0.89 | 1.78 | 1.58 |
| 2 | 2.69 | 1.35 | 1.00 | 1.01 | 1.01 | 1.73 | 1.74 |
| 3 | 3.47 | 1.22 | 0.92 | 0.85 | 0.93 | 2.06 | 1.93 |
| 4 | 4.57 | 1.10 | 0.84 | 0.89 | 0.86 | 2.23 | 1.92 |
| 5 | 5.86 | 1.05 | 0.82 | 0.91 | 0.76 | 2.41 | 1.84 |
| 8 | 7.96 | 0.86 | 0.66 | 0.59 | 0.64 | 2.88 | 1.85 |
| 10 | 9.96 | 0.88 | 0.65 | 0.58 | 0.63 | 2.95 | 1.87 |
| 20 | 14.51 | 0.65 | 0.51 | 0.58 | 0.56 | 3.82 | 2.14 |
| 40 | 21.61 | 0.59 | 0.46 | 0.42 | 0.43 | 4.38 | 1.91 |

### ratio split/fused  (>1 = FUSION WINS)   body=heavy branch=straight
| modules | 1 | 1,000 | 10,000 | 100,000 | 1,000,000 | fused ns/step @1M | split ns/step @1M |
|---|---|---|---|---|---|---|---|
| 1 | 1.58 | 1.38 | 1.07 | 1.01 | 0.98 | 0.86 | 0.85 |
| 2 | 2.97 | 1.45 | 1.06 | 0.95 | 1.02 | 1.08 | 1.10 |
| 3 | 3.31 | 1.12 | 0.75 | 0.65 | 0.76 | 1.62 | 1.23 |
| 4 | 4.21 | 0.92 | 0.63 | 0.66 | 0.88 | 2.37 | 2.09 |
| 5 | 4.88 | 0.77 | 0.53 | 0.58 | 0.46 | 2.75 | 1.27 |
| 8 | 6.69 | 0.55 | 0.36 | 0.42 | 0.38 | 3.85 | 1.48 |
| 10 | 7.69 | 0.49 | 0.36 | 0.31 | 0.42 | 4.25 | 1.76 |
| 20 | 12.88 | 0.33 | 0.24 | 0.21 | 0.22 | 6.41 | 1.42 |
| 40 | 13.19 | 0.29 | 0.20 | 0.17 | 0.18 | 7.78 | 1.39 |

### ratio split/fused  (>1 = FUSION WINS)   body=heavy branch=branchy
| modules | 1 | 1,000 | 10,000 | 100,000 | 1,000,000 | fused ns/step @1M | split ns/step @1M |
|---|---|---|---|---|---|---|---|
| 1 | 1.88 | 0.94 | 1.01 | 0.99 | 0.94 | 2.57 | 2.43 |
| 2 | 3.04 | 0.93 | 0.81 | 0.81 | 0.82 | 4.03 | 3.30 |
| 3 | 4.42 | 0.75 | 0.60 | 0.68 | 0.56 | 5.37 | 3.02 |
| 4 | 4.05 | 0.68 | 0.59 | 0.53 | 0.53 | 5.49 | 2.90 |
| 5 | 6.43 | 0.62 | 0.46 | 0.58 | 0.49 | 6.00 | 2.93 |
| 8 | 6.68 | 0.49 | 0.37 | 0.46 | 0.42 | 7.62 | 3.17 |
| 10 | 7.00 | 0.45 | 0.36 | 0.37 | 0.37 | 8.09 | 2.99 |
| 20 | 9.37 | 0.40 | 0.32 | 0.33 | 0.34 | 9.26 | 3.13 |
| 40 | 16.53 | 0.38 | 0.30 | 0.31 | 0.31 | 9.81 | 3.08 |

### vectorisation of the FUSED kernel
| body | branch | M | llvm vec values | llvm vec fp ops | asm scalar | asm packed xmm | asm packed ymm/zmm | simd frac |
|---|---|---|---|---|---|---|---|---|
| trivial | straight | 1 | 10 | 5 | 9 | 0 | 5 | 0.3571 |
| trivial | straight | 2 | 15 | 10 | 18 | 0 | 10 | 0.3571 |
| trivial | straight | 3 | 20 | 15 | 27 | 0 | 15 | 0.3571 |
| trivial | straight | 4 | 25 | 20 | 36 | 0 | 20 | 0.3571 |
| trivial | straight | 5 | 30 | 25 | 25 | 0 | 25 | 0.5 |
| trivial | straight | 8 | 45 | 40 | 40 | 0 | 40 | 0.5 |
| trivial | straight | 10 | 55 | 50 | 50 | 0 | 50 | 0.5 |
| trivial | straight | 20 | 21 | 20 | 60 | 0 | 20 | 0.25 |
| trivial | straight | 40 | 41 | 40 | 40 | 0 | 40 | 0.5 |
| trivial | branchy | 1 | 26 | 22 | 11 | 0 | 8 | 0.4211 |
| trivial | branchy | 2 | 28 | 26 | 28 | 0 | 10 | 0.2632 |
| trivial | branchy | 3 | 42 | 40 | 15 | 0 | 15 | 0.5 |
| trivial | branchy | 4 | 56 | 54 | 20 | 0 | 20 | 0.5 |
| trivial | branchy | 5 | 70 | 68 | 25 | 0 | 25 | 0.5 |
| trivial | branchy | 8 | 106 | 104 | 40 | 0 | 40 | 0.5 |
| trivial | branchy | 10 | 128 | 126 | 50 | 0 | 50 | 0.5 |
| trivial | branchy | 20 | 238 | 236 | 100 | 0 | 100 | 0.5 |
| trivial | branchy | 40 | 453 | 451 | 199 | 0 | 200 | 0.5013 |
| medium | straight | 1 | 65 | 55 | 55 | 0 | 55 | 0.5 |
| medium | straight | 2 | 24 | 22 | 66 | 0 | 22 | 0.25 |
| medium | straight | 3 | 35 | 33 | 33 | 0 | 33 | 0.5 |
| medium | straight | 4 | 46 | 44 | 44 | 0 | 44 | 0.5 |
| medium | straight | 5 | 57 | 55 | 55 | 0 | 55 | 0.5 |
| medium | straight | 8 | 90 | 88 | 88 | 0 | 88 | 0.5 |
| medium | straight | 10 | 112 | 110 | 110 | 0 | 110 | 0.5 |
| medium | straight | 20 | 222 | 220 | 220 | 0 | 220 | 0.5 |
| medium | straight | 40 | 442 | 440 | 440 | 0 | 440 | 0.5 |
| medium | branchy | 1 | 23 | 21 | 36 | 0 | 12 | 0.25 |
| medium | branchy | 2 | 46 | 44 | 27 | 0 | 26 | 0.4906 |
| medium | branchy | 3 | 69 | 67 | 39 | 0 | 40 | 0.5063 |
| medium | branchy | 4 | 92 | 90 | 54 | 0 | 54 | 0.5 |
| medium | branchy | 5 | 115 | 113 | 67 | 0 | 68 | 0.5037 |
| medium | branchy | 8 | 177 | 175 | 110 | 0 | 110 | 0.5 |
| medium | branchy | 10 | 217 | 215 | 138 | 0 | 138 | 0.5 |
| medium | branchy | 20 | 417 | 415 | 282 | 0 | 278 | 0.4964 |
| medium | branchy | 40 | 812 | 810 | 562 | 0 | 558 | 0.4982 |
| heavy | straight | 1 | 60 | 55 | 55 | 0 | 55 | 0.5 |
| heavy | straight | 2 | 32 | 31 | 93 | 0 | 31 | 0.25 |
| heavy | straight | 3 | 52 | 51 | 51 | 0 | 51 | 0.5 |
| heavy | straight | 4 | 72 | 71 | 71 | 0 | 71 | 0.5 |
| heavy | straight | 5 | 92 | 91 | 91 | 0 | 91 | 0.5 |
| heavy | straight | 8 | 152 | 151 | 151 | 0 | 151 | 0.5 |
| heavy | straight | 10 | 192 | 191 | 191 | 0 | 191 | 0.5 |
| heavy | straight | 20 | 392 | 391 | 391 | 0 | 391 | 0.5 |
| heavy | straight | 40 | 792 | 791 | 791 | 0 | 791 | 0.5 |
| heavy | branchy | 1 | 33 | 31 | 25 | 0 | 25 | 0.5 |
| heavy | branchy | 2 | 72 | 70 | 60 | 0 | 58 | 0.4915 |
| heavy | branchy | 3 | 111 | 109 | 94 | 0 | 91 | 0.4919 |
| heavy | branchy | 4 | 150 | 148 | 114 | 0 | 124 | 0.521 |
| heavy | branchy | 5 | 189 | 187 | 135 | 0 | 157 | 0.5377 |
| heavy | branchy | 8 | 302 | 300 | 194 | 0 | 256 | 0.5689 |
| heavy | branchy | 10 | 376 | 374 | 234 | 0 | 322 | 0.5791 |
| heavy | branchy | 20 | 746 | 744 | 435 | 0 | 652 | 0.5998 |
| heavy | branchy | 40 | 1486 | 1484 | 821 | 0 | 1312 | 0.6151 |

### vectorisation of a SPLIT (single-module) kernel
| body | branch | llvm vec values | asm scalar | asm packed xmm | asm packed ymm/zmm | simd frac |
|---|---|---|---|---|---|---|
| trivial | straight | 10 | 9 | 0 | 5 | 0.3571 |
| trivial | branchy | 14 | 11 | 0 | 4 | 0.2667 |
| medium | straight | 70 | 55 | 0 | 55 | 0.5 |
| medium | branchy | 25 | 33 | 0 | 13 | 0.2826 |
| heavy | straight | 65 | 55 | 0 | 55 | 0.5 |
| heavy | branchy | 34 | 25 | 0 | 25 | 0.5 |

### does the SIGN of the fusion decision flip with body cost?  (at 1M rows)
| modules | trivial/straight | trivial/branchy | medium/straight | medium/branchy | heavy/straight | heavy/branchy |
|---|---|---|---|---|---|---|
| 1 | 0.99 | 0.98 | 0.99 | 0.89 | 0.98 | 0.94 |
| 2 | 2.07 | 1.34 | 1.90 | 1.01 | 1.02 | 0.82 |
| 3 | 3.26 | 1.30 | 3.06 | 0.93 | 0.76 | 0.56 |
| 4 | 4.12 | 1.16 | 2.11 | 0.86 | 0.88 | 0.53 |
| 5 | 5.18 | 1.15 | 2.20 | 0.76 | 0.46 | 0.49 |
| 8 | 8.00 | 0.92 | 2.05 | 0.64 | 0.38 | 0.42 |
| 10 | 11.18 | 0.80 | 1.93 | 0.63 | 0.42 | 0.37 |
| 20 | 13.00 | 0.62 | 1.42 | 0.56 | 0.22 | 0.34 |
| 40 | 11.20 | 0.55 | 1.02 | 0.43 | 0.18 | 0.31 |

equivalence: 270/270 bitwise-exact fused==split, 0 mismatches
